0.09903252694123275
0.9999999999986793
0.9999999999999115
0.9999999999997184
0.9999999999995997
0.9999999999993716
1.0000000000003433
0.9999999999993702
1.0000000000005365
1.0000000000003662
1.0000000000003664
1.0000000000003346
0.999999999999905
0.9999999999996719
0.9999999999999186
0.9999999999995022
1.0000000000001128
0.11098098465943042
0.0738473224174638
0.052202835900221435
0.9999999999997619
1.000000000000344
0.999999999999942
0.999999999999784
1.000000000000189
0.9999999999998403
0.9999999999999237
1.0000000000000193
0.999999999999905
1.0000000000002904
0.99999999999994
1.000000000000023
0.9999999999998297
1.0000000000000933
0.9999999999996263
0.9999999999997479
0.9999999999998209
0.9999999999998511
1.000000000000121
0.06428234382524914
0.9999999999996451
1.0000000000000209
1.0000000000001872
0.9999999999997563
1.000000000000262
1.0000000000001479
0.9999999999999081
0.10860213789385449
0.9999999999998818
0.9999999999997
0.044234632756792666
0.9999999999995497
1.000000000000296
0.9999999999998413
1.000000000000157
1.0000000000002194
0.9999999999997968
1.0000000000001121
0.9999999999993221
0.08276326632904972
0.9999999999999486
0.9999999999996905
1.0000000000001643
1.0000000000001144
1.0000000000000862
0.9999999999998866
1.000000000000112
1.0000000000001308
0.01968768747021719
1.0000000000000835
0.013582039657654116
1.0000000000001301
0.9999999999998564
0.027534137907600696
0.08914238296919716
0.9999999999999806
0.9999999999998977
0.999999999999987
1.0000000000001885
1.0000000000000453
0.9999999999999685
1.0000000000000864
0.9999999999999798
0.9999999999997761
0.9999999999997218
0.0829632643932818
0.029433678384637115
0.004847186412668734
0.002051297078989784
0
0.9999999999999557
0.9999999999999909
0.999999999999908
0.008895049584761169
0.01727907559565482
0.047786949715047385
1.0000000000000184
1.0000000000000564
1.0000000000000104
0.9999999999999712
1.0000000000001104
1.0000000000002842
0.999999999999838
0.999999999999912
0.9999999999998184
0.011315656281951983
0.0025938307626867203
0.9999999999999162
0
0.9999999999999517
0.01513908341425308
0.036699927444682603
0.03650382854337041
0.07293180662652275
0.05157629421138936
0.01470343146809162
0.9999999999999155
1.0000000000000786
0.9999999999999764
0.9999999999999254
1.0000000000000078
1.0000000000001
1.0000000000000442
0.9999999999999624
1.0000000000000797
0.0032211855398136895
0
0.9999999999999883
1.0000000000000502
1.000000000000002
0.031607375801655874
0.19085339549385924
1.0000000000000067
0.5975453604277396
0.9999999999999991
1.000000000000001
1.0000000000000087
1.0000000000000036
0.11010286334444638
1.0000000000000013
0.9999999999999971
0.9999999999999934
1.0000000000000007
0.9999999999999958
0.008152859217374655
0.9999999999999982
1.0000000000000104
0.0075828494789169434
1.000000000000001
0.9999999999999962
0.9999999999999984
0.070693660291101
1.000000000000001
1.0000000000000024
0.9999999999999979
0.24832062638509397
0.9999999999999979
0.030237452645366265
0.0774625372974188
0.9999999999999963
0.9999999999999997
0.999999999999999
1.0000000000000009
1.0000000000000033
1.0000000000000002
0
1.0000000000000022
1.0000000000000047
241.12991029472212
1.000000000000004
1.0000000000000036
0.049888172620504385
1.0000000000000009
0.9999999999999976
0.9999999999999997
1.0000000000000029
1.0000000000000007
0.9999999999999948
0.06461608882377769
1.000000000000002
1.0000000000000069
0.9999999999999999
0.9999999999999987
0.028713021724584946
0.004533443852413804
0.9999999999999982
0.007953609751791425
251.20869109257043
0.9999999999999974
249.2520901891337
0.9999999999999967
0
0
0.522103277955039
175.5755352403552
1.0000000000000007
0.03751181139999876
0.009712818934370794
1.0000000000000036
0.9999999999999991
1.0000000000000013
1.0000000000000027
1.0000000000000004
0.03314470918850229
0.07785589793318384
0.9999999999999997
42.636782445225585
253.93081672319875
1.0000000000000027
1.0000000000000018
242.37563664055227
6.880623524753083
1.0000000000000007
0.43054085041040424
49.42939194820781
0.2581320114503489
0.021940465633819257
0.007055868949559527
0.02591127730794591
0.9999999999999999
1.0
0.9999999999999987
1.0000000000000004
1.000000000000001
0.054476949392562236
1.0000000000000004
219.79459864501396
253.60242795020133
0.9999999999999992
252.08921072280495
235.0671485058249
5.8623947098923
48.49266291178917
1.0
1.0000000000000007
0.05973520362232132
0.9999999999999998
0.9999999999999998
1.0
1.0
0.9999999999999997
1.0000000000000002
1.0000000000000002
0.9999999999999992
1.0
1.0000000000000004
249.93625568717002
1.0
253.77838033841866
251.99251172238235
0.9999999999999992
1.0
252.42468525829668
252.8935246554739
1.0
0.9999999999999993
0
0.006896807764696957
0.9999999999999996
1.0000000000000004
0.9999999999999996
0.9999999999999996
1.0000000000000009
0.9999999999999996
246.43579876329417
248.5314055451902
1.0000000000000004
0.9999999999999994
0.9999999999999998
1.0000000000000004
252.85396342772256
252.29384363610413
1.0
0.9999999999999994
0.025996652408122607
1.0
0
0.006067269835382973
0.9999999999999991
1.0000000000000002
0.9999999999999997
0.9999999999999992
1.0000000000000002
0.9999999999999996
1.0
251.01166180815036
0.9999999999999999
1.0
251.309741519042
0.9999999999999999
222.41879043580505
0.9999999999999999
7.322168494929468
1.0
0.9999999999999999
1.0000000000000002
0.9999999999999998
0.007776004804676658
0.04933837459196809
1.0
0.9999999999999999
1.0
0.9999999999999999
1.0
1.0000000000000002
246.58221748252396
1.0
1.0
249.7689616242023
1.0
189.75283658009616
0
0
0
1.0
0
1.0
1.0000000000000002
1.0
0.9999999999999999
1.0
0.9999999999999999
1.0
1.0
1.0
1.0
1.0
223.06568868843232
138.01567044866587
1.0
1.0
1.0
1.0
1.0
1.0
1.0
1.0
1.0
1.0
1.0
1.0
1.0
1.0
1.0
1.0
1.0
1.0
1.2442026524250385
1.0
1.0
0.014046446917515422
0.005077927263392097
1.0
0
0.0021952227579351852
1.0
0.02248284039753007
1.0
1.0
1.0
1.0
1.0
1.0
1.0
1.0
1.0
1.0
0.041236573473708196
1.0
0.008101141688978311
0.004846428905959645
1.0
0.003949711329549529
1.0
1.0
0.019707073569985814
0.04742027071377837
0.02997930819963494
1.0
1.0
1.0
1.0
1.0
1.0
1.0
1.0
1.0
1.0
1.0
0.02351186413466607
0.015351734388819815
0.012589519776508585
1.0
1.0
0.027222192805809398
0.05310049451838911
0.01783977062814774
1.0
0.00650179373518544
0.0046715716463555795
