120.11080150339694
0.9999999999999448
1.0000000000000406
0.9999999999999847
1.0000000000000244
0.9999999999999181
1.0000000000000318
0.9999999999998949
1.0000000000000528
1.0000000000000537
0.9999999999999257
1.0000000000000258
0.9999999999999711
1.0000000000000064
1.000000000000033
1.0000000000000235
1.0000000000000309
97.60232539174217
126.57175298404077
152.37715349581345
1.0000000000000355
0.9999999999999705
1.0000000000000269
0.999999999999955
1.0000000000000007
1.0000000000000024
0.9999999999999548
1.0000000000000335
1.0000000000000047
1.000000000000008
1.000000000000001
1.0000000000000069
0.9999999999999937
1.000000000000049
0.9999999999999671
1.0000000000000022
0.999999999999945
0.9999999999999706
0.9999999999999897
136.85193451238032
0.9999999999999728
1.0000000000000326
0.9999999999999696
1.0000000000000326
0.9999999999999897
0.9999999999999746
1.000000000000023
113.90222863743581
0.9999999999999846
1.0000000000000149
174.62176587668878
0.999999999999981
0.9999999999999857
0.9999999999999989
0.9999999999999792
0.9999999999999466
0.9999999999999869
0.9999999999999903
0.9999999999999643
118.23971334502366
0.9999999999999859
0.9999999999999906
1.0000000000000333
1.0000000000000167
0.9999999999999615
1.0000000000000004
1.0000000000000016
1.0000000000000222
220.4506709680689
1.0000000000000093
234.8906386660635
0.9999999999999819
0.9999999999999987
202.0951498812865
112.8961729757081
1.0000000000000073
1.0000000000000406
0.9999999999999515
1.0000000000000204
0.9999999999999899
1.0000000000000007
1.0000000000000133
1.0000000000000249
1.0000000000000044
1.000000000000009
132.15044822523006
199.70435440893175
248.47285794076927
253.86199386024703
254.78952046956448
1.000000000000012
0.999999999999985
0.9999999999999941
244.97062310055284
224.67280540387628
158.92989679811544
1.0000000000000173
0.9999999999999939
1.0000000000000275
0.9999999999999916
0.9999999999999941
1.0000000000000073
0.9999999999999893
0.9999999999999925
1.0000000000000058
223.69492944986752
251.71182419870004
1.0000000000000155
254.96263067451275
1.0000000000000093
254.73373301118482
254.46744462951915
254.45840517194947
250.3089391987259
241.98113668047998
229.92196830711936
1.0000000000000084
0.9999999999999964
1.0000000000000018
1.0000000000000033
0.9999999999999953
0.9999999999999637
1.000000000000018
1.0000000000000207
0.9999999999999981
248.4620319312842
254.96163283959348
1.0000000000000022
0.9999999999999937
0.9999999999999971
254.60338046177642
252.9814697889567
1.0000000000000013
246.16875528453906
0.9999999999999993
1.0000000000000007
1.0000000000000002
0.9999999999999999
98.14280295125025
1.0
1.000000000000004
0.9999999999999984
1.0000000000000027
1.0000000000000036
227.172899026439
0.999999999999999
0.9999999999999983
254.69021178858105
1.0000000000000002
0.9999999999999993
1.000000000000002
253.8186433514059
0.9999999999999982
0.9999999999999988
0.9999999999999998
234.3305787302819
0.9999999999999984
191.03496896127547
123.06321492695147
0.9999999999999984
1.0000000000000004
1.0000000000000016
0.9999999999999973
1.0000000000000004
0.9999999999999998
254.55806901608614
1.0000000000000013
1.0000000000000016
77.47290990793579
0.9999999999999971
1.0000000000000002
251.65430717863913
0.9999999999999984
1.0000000000000024
1.0
1.0000000000000007
1.0000000000000002
0.9999999999999982
136.4684341952199
1.0000000000000009
0.9999999999999977
1.0000000000000018
1.0000000000000004
152.44502301085365
236.64347004915527
1.0000000000000004
231.6864469853183
4.692065550357805
1.0000000000000018
2.9983357085764504
1.0000000000000002
234.99568405774218
248.38893759765938
231.10245560758875
139.67131223610198
1.0000000000000013
247.79710692801905
236.04487491553968
1.0000000000000009
0.9999999999999987
0.9999999999999988
1.0000000000000024
0.999999999999999
143.23743810244787
196.73112177638993
1.0000000000000004
27.424692275148224
0.28772854576982204
1.0
0.9999999999999981
29.87227035610671
152.1859886694031
0.999999999999999
217.4221109478972
173.33957139864745
245.54361357226298
251.21757708510322
241.65858288063325
189.2677672244272
1.0000000000000009
1.0000000000000016
1.000000000000001
0.9999999999999998
0.9999999999999987
85.04657957422768
0.9999999999999999
8.343159760774281
0.2343406586556241
1.0000000000000007
2.760999533752975
27.65613163071195
197.4330227283299
137.4715570025246
0.9999999999999999
0.9999999999999997
253.5353244426357
0.9999999999999997
1.0000000000000004
0.9999999999999999
0.9999999999999999
0.9999999999999999
1.0000000000000004
1.0000000000000002
0.9999999999999999
1.0000000000000002
0.9999999999999998
0.571489241922404
1.0
0.3806601069182895
2.9270738624446837
1.0000000000000002
0.9999999999999996
18.629177256407907
68.54765200296166
0.9999999999999999
0.9999999999999998
254.90610039137138
239.59416627447388
1.0
0.9999999999999998
1.0000000000000002
0.9999999999999998
1.0
1.0000000000000004
0.28821205085323326
0.5311414607981212
1.0000000000000002
1.0
1.0000000000000002
1.0
2.998876227391345
25.707420591112594
0.9999999999999997
1.0
254.75590420162695
0.9999999999999999
254.83968421888693
243.10261399470733
0.9999999999999998
1.0
1.0000000000000002
1.0000000000000002
0.9999999999999999
1.0000000000000002
0.9999999999999997
0.11156755040656882
1.0
1.0000000000000002
5.240168916818867
1.0
204.77451510686478
1.0
237.95732829198732
1.0
1.0
1.0
1.0
238.83745184415096
138.20568330488499
1.0
1.0
1.0
1.0
1.0
1.0
0.2833341869308257
1.0
1.0
11.392773191671832
1.0
216.67584558000217
250.65152162911133
254.91664657977162
254.99999999993418
1.0
254.9862775083836
1.0
1.0
1.0
1.0
1.0
1.0
1.0
1.0
1.0
1.0
1.0
68.99850548447051
188.5464516829388
1.0
1.0
1.0
1.0
1.0
1.0
1.0
1.0
1.0
1.0
1.0
1.0
1.0
1.0
1.0
1.0
1.0
1.0
166.4798406515672
1.0
1.0
254.29689708982704
254.87814840611355
1.0
254.91770531542613
253.86620670432157
1.0
204.3295515655861
1.0
1.0
1.0
1.0
1.0
1.0
1.0
1.0
1.0
1.0
171.66588287942247
1.0
240.56617606363864
249.09526516542147
1.0
251.09674691551638
1.0
1.0
210.47820207616272
163.37256538804522
189.6264488895471
1.0
1.0
1.0
1.0
1.0
1.0
1.0
1.0
1.0
1.0
1.0
202.15287198444656
220.99597506594455
228.21685333674705
1.0
1.0
194.7362424002335
156.52384232331391
214.85619682862725
1.0
244.29505761642608
248.79251997697142
