0.5841646684585566
1.000000000000342
0.9999999999986301
0.9999999999997532
0.9999999999994392
0.9999999999994519
0.9999999999991547
1.0000000000001767
0.9999999999998348
1.0000000000000602
0.9999999999994378
1.0000000000001783
1.0000000000000928
0.9999999999999144
0.9999999999999477
1.000000000000139
0.9999999999999254
0.38888305239770493
0.32652889619168735
0.27106880825920643
1.000000000000031
1.000000000000148
1.0000000000002651
1.0000000000002887
0.9999999999999389
1.0000000000001659
0.9999999999999283
0.999999999999964
0.999999999999767
1.000000000000172
0.9999999999999216
1.000000000000134
1.0000000000000744
0.9999999999998447
1.0000000000000027
1.000000000000406
1.0000000000002782
0.9999999999999113
0.9999999999998523
0.30466638400125323
0.9999999999999344
0.9999999999999458
1.0000000000000389
1.0000000000000153
1.000000000000139
1.0000000000000984
0.9999999999999755
0.5947720955727611
0.9999999999997932
1.0000000000000053
0.49247216533627175
1.000000000000066
1.0000000000000007
1.00000000000006
0.9999999999998077
1.000000000000031
1.0000000000002638
0.999999999999998
1.0000000000000646
0.3441849329957908
1.0000000000000184
0.9999999999999598
0.9999999999999719
1.0000000000001557
1.000000000000071
0.999999999999955
1.000000000000064
0.9999999999998589
0.389379910458048
1.0000000000000369
0.3371519287314229
1.000000000000069
1.0000000000000948
0.28377234699875215
0.35558345778269623
0.9999999999998793
1.0000000000001372
1.0000000000000404
1.000000000000011
0.9999999999999662
1.0000000000000093
1.0000000000000213
0.999999999999929
1.0000000000000202
1.0000000000001115
0.5640808270220952
0.44270054299286504
0.19413697950929842
0.12111691311188508
0.06530323553677048
0.9999999999999301
1.0000000000000964
0.9999999999999746
0.10356251329201308
0.16032270604470783
0.25652108098087567
1.0000000000000089
1.0000000000000417
0.9999999999999343
0.9999999999999385
1.0000000000000286
1.0000000000000726
1.0000000000000515
0.9999999999999598
0.9999999999999797
0.2878611051049446
0.1355916967891817
0.9999999999999627
0.030084554035012413
1.0000000000001052
0.26290630708336354
0.23398174364577773
0.1300438768373672
0.16161937752718253
0.04863388177525686
0.10501838563404957
1.0000000000000127
0.9999999999998149
1.0000000000001172
1.000000000000026
1.0000000000000413
1.0000000000001545
1.0000000000000941
1.000000000000025
0.999999999999926
0.15062881043396714
0.03255060891523927
0.9999999999999709
1.0000000000000306
0.9999999999999862
0.22099867476298696
0.3807819909448007
0.9999999999999832
0.7912736097082153
1.0000000000000016
1.0
1.0000000000000153
0.9999999999999963
0.3876913367708838
0.9999999999999898
1.0000000000000002
0.9999999999999925
1.0000000000000009
0.999999999999991
0.23937642947990714
0.9999999999999898
1.0000000000000047
1.1026275738093099
1.0000000000000053
0.9999999999999852
1.0000000000000022
0.5583481216683904
1.000000000000003
1.000000000000001
1.0000000000000047
1.2796500426054616
1.0000000000000175
0.18027169431871876
0.33395646122756595
0.9999999999999886
0.9999999999999892
1.0000000000000073
0.9999999999999906
1.0000000000000049
0.9999999999999996
0.0360607225454625
0.9999999999999957
0.9999999999999991
21.86764241700562
0.9999999999999982
1.00000000000001
2.8655619816737827
1.000000000000017
0.9999999999999873
0.9999999999999919
0.9999999999999937
0.9999999999999996
1.0000000000000056
0.30549071131071315
1.0000000000000133
1.0000000000000107
0.9999999999999907
0.9999999999999906
0.3707248102730055
0.1732583009668438
0.9999999999999919
6.588446015281219
140.0577110511371
0.999999999999998
39.45500378881797
1.0000000000000013
13.3544832793462
15.493070913392518
164.26405740223356
223.43088629666525
1.0000000000000033
4.3814534806147725
2.024149245247898
1.000000000000001
1.0000000000000104
1.0000000000000024
1.0000000000000056
0.9999999999999943
0.3867809912704765
1.821202126938002
1.0000000000000089
16.516807120911736
215.11220838606982
0.9999999999999877
0.9999999999999911
138.85446888706582
82.03935615567042
0.9999999999999905
239.35202334227625
244.74588270821747
204.3874853292722
44.69881343777618
0.47492709628684315
2.500855933550198
1.0000000000000084
1.0000000000000044
1.0000000000000062
1.0000000000000053
0.9999999999999989
4.33605863925374
1.0000000000000038
0.15107776275578533
205.72120578353636
1.0000000000000033
237.4104931477292
238.26537727756482
241.67266160083233
249.77983136391939
1.0000000000000033
1.0000000000000022
225.48979302728964
1.0000000000000078
0.9999999999999956
1.0
0.9999999999999967
0.9999999999999946
1.0000000000000004
1.000000000000001
0.9999999999999993
0.9999999999999968
0.999999999999996
156.44195414557745
0.9999999999999875
247.1689319589845
250.5248571829424
1.0000000000000036
1.0000000000000058
254.9320028548057
254.93048028014718
1.0000000000000067
0.9999999999999919
227.458361391745
166.98950420767594
1.0000000000000007
1.0000000000000056
0.9999999999999996
0.9999999999999977
0.9999999999999957
0.999999999999999
150.15279883844568
158.29873641627233
0.999999999999996
1.000000000000004
1.0000000000000033
1.0000000000000058
254.99711755958597
254.9999951206403
1.0000000000000009
1.0
254.86201899153795
0.9999999999999966
240.62225443253902
212.13024813296778
0.9999999999999969
1.0000000000000036
1.0000000000000002
0.9999999999999993
0.9999999999999976
1.0000000000000007
1.000000000000006
179.84374031839982
1.0000000000000004
0.9999999999999973
253.2521142669177
1.0000000000000004
254.99999058270743
1.0000000000000002
254.99999999997402
1.0000000000000004
0.9999999999999988
1.0000000000000004
1.000000000000001
204.3912908907448
137.38034802881194
1.0
1.0000000000000002
0.9999999999999999
0.9999999999999999
1.0000000000000002
0.9999999999999997
150.80593734213045
1.0
1.0000000000000002
253.65885005368992
1.0000000000000004
254.99782192223773
254.9993364089719
254.99705844276002
254.93151551420235
1.0
251.043727828429
1.0000000000000007
1.0000000000000007
1.0
1.0000000000000007
1.0000000000000002
0.9999999999999997
1.000000000000001
1.0
1.0
1.0
1.0
220.51209481326518
244.57199888124188
1.0
1.0
1.0
1.0
1.0
1.0
1.0
1.0
1.0
1.0
1.0
1.0
1.0
1.0
1.0
1.0
1.0
1.0
186.34198755204557
1.0
1.0
249.9189845664997
251.57336251798125
1.0
247.83233938279193
237.48983885817583
1.0
162.53052383519494
1.0
1.0
1.0
1.0
1.0
1.0
1.0
1.0
1.0
1.0
140.97959154901343
1.0
201.52799024536685
218.7642605973769
1.0
224.5976714511677
1.0
1.0
167.50964241400092
136.37461893751217
151.99639622045882
1.0
1.0
1.0
1.0
1.0
1.0
1.0
1.0
1.0
1.0
1.0
160.85907784266752
177.12655251019612
184.82953490612402
1.0
1.0
155.46994783589702
132.7442906115757
171.32220542497961
1.0
210.52696495459688
220.60966562069865
